0.0533449649810791
0.0005140304565429688
0.00074005126953125
0.001009225845336914
0.001329183578491211
0.001711130142211914
0.015159130096435547
0.016338825225830078
0.01796102523803711
0.018655061721801758
0.01988983154296875
0.02047419548034668
0.021542787551879883
0.022106170654296875
0.023705005645751953
0.0242919921875
0.025744199752807617
0.026345014572143555
0.029282093048095703
0.051689863204956055
0.09142613410949707
0.00039196014404296875
0.0005891323089599609
0.0008549690246582031
0.0011620521545410156
0.0014050006866455078
0.014895200729370117
0.017575979232788086
0.01833200454711914
0.019387006759643555
0.020086050033569336
0.020804166793823242
0.021305084228515625
0.02238607406616211
0.024220943450927734
0.024773836135864258
0.025786876678466797
0.05653882026672363
0.05721712112426758
0.058768272399902344
0.044174909591674805
0.00047898292541503906
0.0008089542388916016
0.0010938644409179688
0.0014879703521728516
0.0023660659790039062
0.002755880355834961
0.003373861312866211
0.0043790340423583984
0.00482487678527832
0.006080150604248047
0.006566047668457031
0.0076351165771484375
0.008154869079589844
0.009011983871459961
0.009581804275512695
0.01024484634399414
0.011260032653808594
0.011906862258911133
0.04293489456176758
0.02380204200744629
0.0004661083221435547
0.0006558895111083984
0.0008442401885986328
0.0010519027709960938
0.0012629032135009766
0.0015430450439453125
0.009752988815307617
0.010020971298217773
0.010275840759277344
0.010473012924194336
0.01070404052734375
0.0109100341796875
0.01205587387084961
0.012336015701293945
0.012524843215942383
0.012794971466064453
0.013026952743530273
0.02229785919189453
0.02265310287475586
0.019552946090698242
0.0005311965942382812
0.0007431507110595703
0.0009279251098632812
0.001110076904296875
0.0012888908386230469
0.0014672279357910156
0.009924173355102539
0.010212182998657227
0.01038503646850586
0.01053309440612793
0.010717153549194336
0.01088714599609375
0.011118173599243164
0.011901140213012695
0.012142181396484375
0.01235198974609375
0.012630939483642578
0.012851953506469727
0.019366025924682617
0.013699054718017578
0.0005598068237304688
0.0007688999176025391
0.0009479522705078125
0.0011248588562011719
0.0013020038604736328
0.0014777183532714844
0.010940790176391602
0.011123895645141602
0.01133584976196289
0.011497974395751953
0.011633872985839844
0.01176905632019043
0.011900901794433594
0.012033939361572266
0.012790918350219727
0.012968778610229492
0.013130903244018555
0.013322830200195312
0.013513803482055664
0.0007030963897705078
0.0007779598236083984
