11.734392
14.778957
12.485757
14.212474
10.040146
14.186962
11.64567
13.801979
13.232871
17.318883
8.992391
11.11877
11.568904
12.4517
12.874242
14.812495
12.289466
12.75681
13.812581
15.687602
13.680015
12.852055
13.360994
13.142136
11.607977
11.329852
16.747764
10.25037
11.080738
11.889746
10.857581
13.332329
12.340695
15.767719
12.233677
12.461909
13.51898
11.833133
13.234299
13.227018
12.769536
13.013287
14.072275
15.033258
15.337175
11.302551
11.971537
10.987825
11.747875
13.222856
12202510
13417000
12420741
11161471
16084456
15821942
13109305
14128529
15582799
14040966
13745390
13133197
10997172
12841009
13006867
10098486
12739981
14324879
16047114
13781645
14021601
14644487
13121197
9346073
10717507
15397527
15811536
14184912
11195590
14233994
12349838
16214459
10799311
14087677
14861298
12988908
16325429
11153322
11966066
11369882
18632715
13865142
14424869
12388505
14577812
11744761
11141474
12067603
13306640
13503137
11445684
11379536
14115400
13598513
9467998
12763974
16333642
11148424
12755579
12743889
11322530
13948639
11619295
14582548
11720799
14234634
13400347
12259858
24735118
12951124
13391158
16876160
15968224
16485660
15361753
14838276
14213230
12820563
15554227
14973361
11537772
14493536
10015433
11106528
12815426
13537081
13834519
12647846
10422180
13947681
12311863
12106739
14903887
14272460
12259310
10858011
14270258
13133643
12078389
13569184
11525645
15387384
14201854
11255278
15280270
11341643
11239269
15235643
10448456
14664259
10870956
15500559
10641557
11607702
12874422
10399425
11989366
9326810
9132615
13493793
11982106
15493717
10907484
14443907
12347695
12065879
13049155
9373997
14079514
14277935
14885263
11767040
11524736
11774022
9340106
12306386
15407214
11104138
15769707
15686519
15274609
13952569
11313012
8681198
13457499
13706663
9437907
10648430
12757843
12502243
15.536644
13.688797
13.863111
13.484982
13.891936
10.861183
13.316781
13.270145
16.29833
13.510789
12.36883
14.758126
13.590488
10.172648
11.9635
13.650186
12.525889
12.148186
14.540026
13.636975
10.399131
14.255255
15.009458
14.139019
11.516706
13.019232
10.70492
9.920997
14.735956
10.0242
13.432962
9.726765
13.337873
15.847923
12.145136
13.265631
12.496105
11.960584
14.083974
10.163108
10.009415
14.545553
12.541749
14.178429
12.888902
11.461218
8.8902
14.540008
12.716903
14.334622
0.012819051742553711
0.01647782325744629
0.012030839920043945
0.01744389533996582
0.017484188079833984
0.011962175369262695
0.013837814331054688
0.013204097747802734
0.013543367385864258
0.01416015625
0.011760234832763672
0.009103775024414062
0.010490894317626953
0.01258707046508789
0.010081052780151367
0.011851072311401367
0.013137340545654297
0.013937950134277344
0.013306140899658203
0.01205897331237793
0.01221776008605957
0.009524106979370117
0.012574911117553711
0.014674901962280273
0.011688947677612305
0.00890207290649414
0.01361703872680664
0.015213966369628906
0.011686086654663086
0.012023687362670898
0.014876127243041992
0.016412019729614258
0.01424098014831543
0.010890960693359375
0.012770891189575195
0.014940977096557617
0.010720968246459961
0.011846780776977539
0.012900114059448242
0.012010812759399414
0.014111042022705078
0.013715982437133789
0.012775897979736328
0.011504888534545898
0.011260986328125
0.01004791259765625
0.012247085571289062
0.010458230972290039
0.011482954025268555
0.016587018966674805
0.013706207275390625
0.013965129852294922
0.016971111297607422
0.012482166290283203
0.012923955917358398
0.009620904922485352
0.01643991470336914
0.009536981582641602
0.011528968811035156
0.016438007354736328
0.015074014663696289
0.009263992309570312
0.012861013412475586
0.00974273681640625
0.012969970703125
0.009773015975952148
0.014580011367797852
0.0123291015625
0.014080047607421875
0.01316213607788086
0.013582229614257812
0.012369155883789062
0.012182950973510742
0.013592243194580078
0.012333869934082031
0.010209083557128906
0.014080047607421875
0.009659290313720703
0.012212991714477539
0.01320791244506836
0.015583038330078125
0.009974002838134766
0.013029098510742188
0.012419700622558594
0.011008977890014648
0.013291120529174805
0.013591766357421875
0.01065683364868164
0.015964984893798828
0.01226806640625
0.014514923095703125
0.010115861892700195
0.013958215713500977
0.010537862777709961
0.010644912719726562
0.011622190475463867
0.011889934539794922
0.012877702713012695
0.015189886093139648
0.014086008071899414
